# frame 16.655 ms
10.972
7.465
17.819
17.432
11.641
8.551
1.497
11.499
1.534
5.759
1.455
10.846
13.710
6.295
14.820
5.882
15.474
13.497
1.859
7.526
13.615
8.856
10.793
11.453
12.864
3.193
12.627
9.029
6.952
10.235
13.612
16.122
9.969
16.694
9.650
4.615
5.006
7.539
15.655
7.009
14.344
1.629
13.114
6.858
11.341
10.415
5.798
10.193
11.574
3.243
8.892
11.070
5.997
14.121
7.060
17.533
2.665
5.772
14.820
8.691
12.270
2.515
8.182
2.386
14.301
17.578
5.123
12.140
15.081
7.244
4.862
12.755
8.162
11.082
3.778
4.069
9.133
2.659
17.877
11.077
11.640
7.263
9.363
17.882
7.118
2.004
13.261
9.423
12.531
7.621
8.242
7.409
3.787
15.182
17.079
10.300
7.634
8.509
9.429
15.333
13.965
17.635
17.148
1.740
10.277
11.485
13.743
2.629
17.345
15.341
4.802
9.096
3.207
16.603
1.648
13.853
15.630
17.223
7.954
7.210
8.399
4.629
3.264
8.738
14.589
2.814
16.196
7.109
12.844
5.145
4.039
15.858
2.081
15.811
6.939
7.304
2.802
3.091
3.148
9.122
2.680
12.304
13.532
16.746
13.747
10.080
9.741
8.719
3.449
14.485
5.031
12.222
18.050
7.053
4.087
7.101
15.947
4.572
15.364
12.535
14.987
16.602
16.527
16.432
14.876
8.500
2.759
16.944
17.777
15.927
18.032
3.141
9.273
2.510
7.726
5.083
8.600
3.293
15.510
17.541
4.387
17.512
10.589
7.522
1.883
15.883
2.537
7.792
5.944
10.997
15.459
5.839
1.649
13.508
16.674
12.277
15.952
15.552
11.343
9.670
12.498
10.716
3.579
14.339
13.537
17.790
8.862
11.453
16.876
12.908
17.640
2.574
15.188
4.687
12.795
3.308
11.818
6.679
15.609
14.968
5.389
15.813
8.920
17.202
17.580
9.862
15.018
16.159
17.510
9.487
13.621
16.913
7.549
14.093
18.206
3.720
13.300
2.206
15.722
10.264
11.055
2.268
8.044
3.684
7.755
11.256
4.072
5.070
14.271
5.173
2.896
4.380
1.729
11.969
9.626
17.563
10.568
13.276
2.982
2.198
4.719
3.938
2.555
16.035
8.092
5.608
14.087
3.242
11.452
10.588
15.003
11.140
11.864
8.182
17.125
10.872
6.547
6.778
17.522
2.599
3.236
4.188
8.702
8.186
10.078
16.577
3.325
16.104
10.955
12.589
11.315
15.460
10.562
15.602
9.426
8.513
13.270
5.708
13.893
12.899
